0000	4
0001	5
0002	4
0003	4
0004	4
0005	9
0006	9
0007	9
0008	9
0009	9
000A	4
000B	4
000C	2
000D	9
000E	9
000F	9
0010	9
0011	9
0012	9
0013	9
0014	9
0015	9
0016	9
0017	9
0018	9
0019	9
001A	9
001B	9
001C	9
001D	9
001E	9
001F	9
0020	9
0021	9
0022	9
0023	9
0024	9
0025	9
0026	9
0027	9
0028	9
0029	9
002A	9
002B	9
002C	9
002D	9
002E	9
002F	9
0030	9
0031	9
0032	9
0033	9
0034	9
0035	9
0036	9
0037	9
0038	9
0039	9
003A	9
003B	9
003C	9
003D	9
003E	9
003F	9
0040	9
0041	9
0042	9
0043	9
0044	9
0045	9
0046	9
0047	9
0048	9
0049	9
004A	9
004B	9
004C	9
004D	9
004E	9
004F	9
0050	9
0051	9
0052	9
0053	9
0054	9
0055	9
0056	9
0057	9
0058	9
0059	9
005A	9
005B	9
005C	9
005D	9
005E	9
005F	9
0060	9
0061	9
0062	9
0063	9
0064	9
0065	9
0066	9
0067	9
0068	9
0069	9
006A	9
006B	9
006C	9
006D	9
006E	9
006F	9
0070	9
0071	9
0072	9
0073	9
0074	9
0075	9
0076	9
0077	9
0078	9
0079	9
007A	9
007B	9
007C	9
007D	9
007E	9
007F	9
0080	9
0081	9
0082	9
0083	9
0084	9
0085	9
0086	9
0087	9
0088	9
0089	9
008A	9
008B	9
008C	9
008D	9
008E	9
008F	9
0090	9
0091	9
0092	6
0093	3
0094	6
0095	6
0096	6
0097	5
0098	5
0099	6
009A	6
009B	5
009C	7
009D	5
009E	6
009F	6
00A0	5
00A1	6
00A2	6
00A3	6
00A4	2
00A5	4
00A6	6
00A7	5
00A8	7
00A9	5
00AA	7
00AB	5
00AC	6
00AD	5
00AE	5
00AF	5
00B0	5
00B1	6
00B2	7
00B3	5
00B4	5
00B5	5
00B6	5
00B7	5
00B8	5
00B9	5
00BA	5
00BB	3
00BC	5
00BD	5
00BE	2
00BF	3
00C0	4
00C1	2
00C2	7
00C3	5
00C4	5
00C5	5
00C6	5
00C7	3
00C8	5
00C9	3
00CA	5
00CB	5
00CC	7
00CD	5
00CE	5
00CF	5